(kicad_pcb (version 20171130) (host pcbnew "(5.1.7)-1")

  (general
    (thickness 1.6)
    (drawings 25)
    (tracks 161)
    (zones 0)
    (modules 20)
    (nets 31)
  )

  (page A4)
  (layers
    (0 F.Cu signal)
    (31 B.Cu signal)
    (32 B.Adhes user)
    (33 F.Adhes user)
    (34 B.Paste user)
    (35 F.Paste user)
    (36 B.SilkS user)
    (37 F.SilkS user)
    (38 B.Mask user)
    (39 F.Mask user)
    (40 Dwgs.User user)
    (41 Cmts.User user)
    (42 Eco1.User user)
    (43 Eco2.User user)
    (44 Edge.Cuts user)
    (45 Margin user)
    (46 B.CrtYd user)
    (47 F.CrtYd user)
    (48 B.Fab user)
    (49 F.Fab user)
  )

  (setup
    (last_trace_width 0.25)
    (trace_clearance 0.2)
    (zone_clearance 0.508)
    (zone_45_only no)
    (trace_min 0.2)
    (via_size 0.8)
    (via_drill 0.4)
    (via_min_size 0.4)
    (via_min_drill 0.3)
    (uvia_size 0.3)
    (uvia_drill 0.1)
    (uvias_allowed no)
    (uvia_min_size 0.2)
    (uvia_min_drill 0.1)
    (edge_width 0.05)
    (segment_width 0.2)
    (pcb_text_width 0.3)
    (pcb_text_size 1.5 1.5)
    (mod_edge_width 0.12)
    (mod_text_size 1 1)
    (mod_text_width 0.15)
    (pad_size 0.5 0.5)
    (pad_drill 0.4)
    (pad_to_mask_clearance 0)
    (aux_axis_origin 0 0)
    (visible_elements 7FFFEFFF)
    (pcbplotparams
      (layerselection 0x010fc_ffffffff)
      (usegerberextensions false)
      (usegerberattributes false)
      (usegerberadvancedattributes false)
      (creategerberjobfile true)
      (excludeedgelayer true)
      (linewidth 0.100000)
      (plotframeref false)
      (viasonmask false)
      (mode 1)
      (useauxorigin false)
      (hpglpennumber 1)
      (hpglpenspeed 20)
      (hpglpendiameter 15.000000)
      (psnegative false)
      (psa4output false)
      (plotreference true)
      (plotvalue true)
      (plotinvisibletext false)
      (padsonsilk false)
      (subtractmaskfromsilk false)
      (outputformat 1)
      (mirror false)
      (drillshape 0)
      (scaleselection 1)
      (outputdirectory ""))
  )

  (net 0 "")
  (net 1 "Net-(C1-Pad2)")
  (net 2 GND)
  (net 3 "Net-(C2-Pad1)")
  (net 4 "Net-(J1-Pad2)")
  (net 5 "Net-(J1-Pad3)")
  (net 6 "Net-(U1-Pad4)")
  (net 7 "Net-(U1-Pad5)")
  (net 8 "Net-(U1-Pad6)")
  (net 9 "Net-(U1-Pad7)")
  (net 10 "Net-(U1-Pad8)")
  (net 11 "Net-(U1-Pad9)")
  (net 12 "Net-(U1-Pad10)")
  (net 13 "Net-(U1-Pad11)")
  (net 14 "Net-(U1-Pad12)")
  (net 15 "Net-(U1-Pad13)")
  (net 16 "Net-(U1-Pad14)")
  (net 17 "Net-(U1-Pad16)")
  (net 18 "Net-(U1-Pad24)")
  (net 19 "Net-(U1-Pad26)")
  (net 20 "Net-(U1-Pad27)")
  (net 21 "Net-(U1-Pad28)")
  (net 22 "Net-(U1-Pad30)")
  (net 23 "Net-(U1-Pad31)")
  (net 24 "Net-(U1-Pad37)")
  (net 25 "Net-(B1-Pad2)")
  (net 26 "Net-(B1-Pad1)")
  (net 27 "Net-(BZ1-Pad1)")
  (net 28 "Net-(J11-Pad3)")
  (net 29 "Net-(J11-Pad4)")
  (net 30 "Net-(U2-Pad3)")

  (net_class Default "This is the default net class."
    (clearance 0.2)
    (trace_width 0.25)
    (via_dia 0.8)
    (via_drill 0.4)
    (uvia_dia 0.3)
    (uvia_drill 0.1)
    (add_net GND)
    (add_net "Net-(B1-Pad1)")
    (add_net "Net-(B1-Pad2)")
    (add_net "Net-(BZ1-Pad1)")
    (add_net "Net-(C1-Pad2)")
    (add_net "Net-(C2-Pad1)")
    (add_net "Net-(J1-Pad2)")
    (add_net "Net-(J1-Pad3)")
    (add_net "Net-(J11-Pad3)")
    (add_net "Net-(J11-Pad4)")
    (add_net "Net-(U1-Pad10)")
    (add_net "Net-(U1-Pad11)")
    (add_net "Net-(U1-Pad12)")
    (add_net "Net-(U1-Pad13)")
    (add_net "Net-(U1-Pad14)")
    (add_net "Net-(U1-Pad16)")
    (add_net "Net-(U1-Pad24)")
    (add_net "Net-(U1-Pad26)")
    (add_net "Net-(U1-Pad27)")
    (add_net "Net-(U1-Pad28)")
    (add_net "Net-(U1-Pad30)")
    (add_net "Net-(U1-Pad31)")
    (add_net "Net-(U1-Pad37)")
    (add_net "Net-(U1-Pad4)")
    (add_net "Net-(U1-Pad5)")
    (add_net "Net-(U1-Pad6)")
    (add_net "Net-(U1-Pad7)")
    (add_net "Net-(U1-Pad8)")
    (add_net "Net-(U1-Pad9)")
    (add_net "Net-(U2-Pad3)")
  )

  (module Package_DFN_QFN:MPU_9250 (layer F.Cu) (tedit 605B0452) (tstamp 6057C89A)
    (at 168.91 72.39)
    (path /6053FB4D)
    (fp_text reference J11 (at -4.572 -11.176) (layer F.SilkS)
      (effects (font (size 1 1) (thickness 0.15)))
    )
    (fp_text value MPU9250 (at 0 5.08) (layer F.Fab)
      (effects (font (size 1 1) (thickness 0.15)))
    )
    (fp_line (start -7.46 14.76) (end -7.46 -10.24) (layer Dwgs.User) (width 0.12))
    (fp_line (start 7.54 -10.24) (end 7.54 14.76) (layer Dwgs.User) (width 0.12))
    (fp_line (start 7.54 14.76) (end -7.46 14.76) (layer Dwgs.User) (width 0.12))
    (fp_line (start 7.54 -10.24) (end -7.46 -10.24) (layer Dwgs.User) (width 0.12))
    (fp_text user SDA (at -3.81 -1.27) (layer F.SilkS)
      (effects (font (size 1 1) (thickness 0.15)))
    )
    (fp_text user SCL (at -3.81 -3.81) (layer F.SilkS)
      (effects (font (size 1 1) (thickness 0.15)))
    )
    (fp_text user GND (at -3.81 -6.35) (layer F.SilkS)
      (effects (font (size 1 1) (thickness 0.15)))
    )
    (fp_text user VCC (at -3.81 -8.89) (layer F.SilkS)
      (effects (font (size 1 1) (thickness 0.15)))
    )
    (pad 4 thru_hole circle (at -6.35 -1.27) (size 2 2) (drill 0.762) (layers *.Cu *.Mask)
      (net 29 "Net-(J11-Pad4)"))
    (pad 3 thru_hole circle (at -6.35 -3.81) (size 2 2) (drill 0.762) (layers *.Cu *.Mask)
      (net 28 "Net-(J11-Pad3)"))
    (pad 2 thru_hole circle (at -6.35 -6.35) (size 2 2) (drill 0.762) (layers *.Cu *.Mask)
      (net 2 GND))
    (pad 1 thru_hole circle (at -6.35 -8.89) (size 2 2) (drill 0.762) (layers *.Cu *.Mask)
      (net 26 "Net-(B1-Pad1)"))
  )

  (module Buzzer_Beeper:Buzzer_TDK_PS1240P02BT_D12.2mm_H6.5mm (layer F.Cu) (tedit 605B04D4) (tstamp 60595207)
    (at 198.628 94.488 180)
    (descr "Buzzer, D12.2mm height 6.5mm, https://product.tdk.com/info/en/catalog/datasheets/piezoelectronic_buzzer_ps_en.pdf")
    (tags buzzer)
    (path /6054ED68)
    (fp_text reference BZ1 (at 7.62 -5.588) (layer F.SilkS)
      (effects (font (size 1 1) (thickness 0.15)))
    )
    (fp_text value Buzzer (at 2.5 7.31) (layer F.Fab)
      (effects (font (size 1 1) (thickness 0.15)))
    )
    (fp_circle (center 2.5 0) (end 8.85 0) (layer F.CrtYd) (width 0.05))
    (fp_circle (center 2.5 0) (end 8.6 0) (layer F.Fab) (width 0.1))
    (fp_circle (center 2.5 0) (end 3.5 0) (layer F.Fab) (width 0.1))
    (fp_circle (center 2.5 0) (end 8.73 0) (layer F.SilkS) (width 0.12))
    (fp_line (start -1.3 -1) (end -1.3 1) (layer F.Fab) (width 0.1))
    (fp_arc (start 2.5 0) (end -3.9 -1.5) (angle -26.38121493) (layer F.SilkS) (width 0.12))
    (fp_text user %R (at 2.5 -2.43) (layer F.Fab)
      (effects (font (size 1 1) (thickness 0.15)))
    )
    (pad 2 thru_hole circle (at 5 0 180) (size 2.5 2.5) (drill 1) (layers *.Cu *.Mask)
      (net 2 GND))
    (pad 1 thru_hole rect (at 0 0 180) (size 2.5 2.5) (drill 1) (layers *.Cu *.Mask)
      (net 27 "Net-(BZ1-Pad1)"))
    (model ${KISYS3DMOD}/Buzzer_Beeper.3dshapes/Buzzer_TDK_PS1240P02BT_D12.2mm_H6.5mm.wrl
      (at (xyz 0 0 0))
      (scale (xyz 1 1 1))
      (rotate (xyz 0 0 0))
    )
  )

  (module TestPoint:TestPoint_2Pads_Pitch2.54mm_Drill0.8mm (layer F.Cu) (tedit 605B04E5) (tstamp 6057C810)
    (at 205.74 95.885 180)
    (descr "Test point with 2 pins, pitch 2.54mm, drill diameter 0.8mm")
    (tags "CONN DEV")
    (path /60556302)
    (attr virtual)
    (fp_text reference B1 (at 0.03 -2 180) (layer F.SilkS)
      (effects (font (size 1 1) (thickness 0.15)))
    )
    (fp_text value Button (at 0 2 180) (layer F.Fab)
      (effects (font (size 1 1) (thickness 0.15)))
    )
    (fp_line (start -1.92 1.15) (end 1.88 1.15) (layer F.CrtYd) (width 0.05))
    (fp_line (start 1.88 1.15) (end 2.53 0.5) (layer F.CrtYd) (width 0.05))
    (fp_line (start 2.53 0.5) (end 2.53 -0.5) (layer F.CrtYd) (width 0.05))
    (fp_line (start 2.53 -0.5) (end 1.88 -1.15) (layer F.CrtYd) (width 0.05))
    (fp_line (start 1.88 -1.15) (end -1.92 -1.15) (layer F.CrtYd) (width 0.05))
    (fp_line (start -1.92 -1.15) (end -2.57 -0.5) (layer F.CrtYd) (width 0.05))
    (fp_line (start -2.57 -0.5) (end -2.57 0.5) (layer F.CrtYd) (width 0.05))
    (fp_line (start -2.57 0.5) (end -1.92 1.15) (layer F.CrtYd) (width 0.05))
    (fp_line (start -1.8 -0.9) (end 1.8 -0.9) (layer F.SilkS) (width 0.15))
    (fp_line (start 1.8 -0.9) (end 2.3 -0.4) (layer F.SilkS) (width 0.15))
    (fp_line (start 2.3 -0.4) (end 2.3 0.4) (layer F.SilkS) (width 0.15))
    (fp_line (start 2.3 0.4) (end 1.8 0.9) (layer F.SilkS) (width 0.15))
    (fp_line (start 1.8 0.9) (end -1.8 0.9) (layer F.SilkS) (width 0.15))
    (fp_line (start -1.8 0.9) (end -2.3 0.4) (layer F.SilkS) (width 0.15))
    (fp_line (start -2.3 0.4) (end -2.3 -0.4) (layer F.SilkS) (width 0.15))
    (fp_line (start -2.3 -0.4) (end -1.8 -0.9) (layer F.SilkS) (width 0.15))
    (fp_text user %R (at 0.03 -2 180) (layer F.Fab)
      (effects (font (size 1 1) (thickness 0.15)))
    )
    (pad 2 thru_hole circle (at 1.27 0 180) (size 2 2) (drill 0.8) (layers *.Cu *.Mask)
      (net 25 "Net-(B1-Pad2)"))
    (pad 1 thru_hole circle (at -1.27 0 180) (size 2 2) (drill 0.8) (layers *.Cu *.Mask)
      (net 26 "Net-(B1-Pad1)"))
  )

  (module TestPoint:TestPoint_2Pads_Pitch2.54mm_Drill0.8mm (layer F.Cu) (tedit 605B04AF) (tstamp 6057C9A3)
    (at 187.325 92.075 270)
    (descr "Test point with 2 pins, pitch 2.54mm, drill diameter 0.8mm")
    (tags "CONN DEV")
    (path /6052EFA8)
    (attr virtual)
    (fp_text reference " " (at 1.3 -1.651 90) (layer F.SilkS)
      (effects (font (size 1 1) (thickness 0.15)))
    )
    (fp_text value Conn_01x02_Female (at 1.27 2 90) (layer F.Fab)
      (effects (font (size 1 1) (thickness 0.15)))
    )
    (fp_line (start -0.65 1.15) (end 3.15 1.15) (layer F.CrtYd) (width 0.05))
    (fp_line (start 3.15 1.15) (end 3.8 0.5) (layer F.CrtYd) (width 0.05))
    (fp_line (start 3.8 0.5) (end 3.8 -0.5) (layer F.CrtYd) (width 0.05))
    (fp_line (start 3.8 -0.5) (end 3.15 -1.15) (layer F.CrtYd) (width 0.05))
    (fp_line (start 3.15 -1.15) (end -0.65 -1.15) (layer F.CrtYd) (width 0.05))
    (fp_line (start -0.65 -1.15) (end -1.3 -0.5) (layer F.CrtYd) (width 0.05))
    (fp_line (start -1.3 -0.5) (end -1.3 0.5) (layer F.CrtYd) (width 0.05))
    (fp_line (start -1.3 0.5) (end -0.65 1.15) (layer F.CrtYd) (width 0.05))
    (fp_line (start -0.53 -0.9) (end 3.07 -0.9) (layer F.SilkS) (width 0.15))
    (fp_line (start 3.07 -0.9) (end 3.57 -0.4) (layer F.SilkS) (width 0.15))
    (fp_line (start 3.57 -0.4) (end 3.57 0.4) (layer F.SilkS) (width 0.15))
    (fp_line (start 3.57 0.4) (end 3.07 0.9) (layer F.SilkS) (width 0.15))
    (fp_line (start 3.07 0.9) (end -0.53 0.9) (layer F.SilkS) (width 0.15))
    (fp_line (start -0.53 0.9) (end -1.03 0.4) (layer F.SilkS) (width 0.15))
    (fp_line (start -1.03 0.4) (end -1.03 -0.4) (layer F.SilkS) (width 0.15))
    (fp_line (start -1.03 -0.4) (end -0.53 -0.9) (layer F.SilkS) (width 0.15))
    (fp_text user %R (at 1.3 -1.651 90) (layer F.Fab)
      (effects (font (size 1 1) (thickness 0.15)))
    )
    (pad 2 thru_hole circle (at 2.54 0 270) (size 1.8 1.8) (drill 0.8) (layers *.Cu *.Mask)
      (net 2 GND))
    (pad 1 thru_hole circle (at 0 0 270) (size 1.8 1.8) (drill 0.8) (layers *.Cu *.Mask)
      (net 30 "Net-(U2-Pad3)"))
  )

  (module AMS1117-3.3:SOT229P700X180-4N (layer F.Cu) (tedit 0) (tstamp 6057C98C)
    (at 181.61 93.345 90)
    (path /6057617F)
    (attr smd)
    (fp_text reference " " (at -1.15205 -5.14412 90) (layer F.SilkS)
      (effects (font (size 1.00177 1.00177) (thickness 0.05)))
    )
    (fp_text value " " (at 0.381 -0.254 90) (layer F.SilkS)
      (effects (font (size 1.00178 1.00178) (thickness 0.05)))
    )
    (fp_line (start -1.87 -2.11) (end -3.61 -2.11) (layer Eco1.User) (width 0.05))
    (fp_line (start -1.87 -4.25) (end -1.87 -2.11) (layer Eco1.User) (width 0.05))
    (fp_line (start 1.87 -4.25) (end -1.87 -4.25) (layer Eco1.User) (width 0.05))
    (fp_line (start 1.87 -2.11) (end 1.87 -4.25) (layer Eco1.User) (width 0.05))
    (fp_line (start 3.61 -2.11) (end 1.87 -2.11) (layer Eco1.User) (width 0.05))
    (fp_line (start 3.61 2.11) (end 3.61 -2.11) (layer Eco1.User) (width 0.05))
    (fp_line (start 3.01 2.11) (end 3.61 2.11) (layer Eco1.User) (width 0.05))
    (fp_line (start 3.01 4.25) (end 3.01 2.11) (layer Eco1.User) (width 0.05))
    (fp_line (start -3.01 4.25) (end 3.01 4.25) (layer Eco1.User) (width 0.05))
    (fp_line (start -3.01 2.11) (end -3.01 4.25) (layer Eco1.User) (width 0.05))
    (fp_line (start -3.61 2.11) (end -3.01 2.11) (layer Eco1.User) (width 0.05))
    (fp_line (start -3.61 -2.11) (end -3.61 2.11) (layer Eco1.User) (width 0.05))
    (fp_circle (center -2.29 4.373) (end -2.19 4.373) (layer F.SilkS) (width 0.2))
    (fp_line (start -1.76 -1.86) (end -3.36 -1.86) (layer F.SilkS) (width 0.127))
    (fp_line (start 3.36 -1.86) (end 1.87 -1.86) (layer F.SilkS) (width 0.127))
    (fp_line (start 3.11 1.86) (end 3.36 1.86) (layer F.SilkS) (width 0.127))
    (fp_line (start -3.36 1.86) (end -3.1 1.86) (layer F.SilkS) (width 0.127))
    (fp_line (start 3.36 1.86) (end 3.36 -1.86) (layer F.SilkS) (width 0.127))
    (fp_line (start -3.36 1.86) (end -3.36 -1.86) (layer F.SilkS) (width 0.127))
    (fp_line (start 3.36 1.86) (end -3.36 1.86) (layer Eco2.User) (width 0.127))
    (fp_line (start 3.36 -1.86) (end 3.36 1.86) (layer Eco2.User) (width 0.127))
    (fp_line (start -3.36 -1.86) (end 3.36 -1.86) (layer Eco2.User) (width 0.127))
    (fp_line (start -3.36 1.86) (end -3.36 -1.86) (layer Eco2.User) (width 0.127))
    (pad 4 smd rect (at 0 -3.345 90) (size 3.24 1.31) (layers F.Cu F.Paste))
    (pad 3 smd rect (at 2.29 3.345 90) (size 0.93 1.31) (layers F.Cu F.Paste)
      (net 30 "Net-(U2-Pad3)"))
    (pad 2 smd rect (at 0 3.345 90) (size 0.93 1.31) (layers F.Cu F.Paste)
      (net 26 "Net-(B1-Pad1)"))
    (pad 1 smd rect (at -2.29 3.345 90) (size 0.93 1.31) (layers F.Cu F.Paste)
      (net 2 GND))
  )

  (module "ESP32-WROOM-32E__16MB_:MODULE_ESP32-WROOM-32E_(16MB)" (layer F.Cu) (tedit 607430C8) (tstamp 6057C96D)
    (at 191.697 74.295)
    (path /60475751)
    (attr smd)
    (fp_text reference " " (at -6.96 -13.885) (layer F.SilkS)
      (effects (font (size 1 1) (thickness 0.05)))
    )
    (fp_text value " " (at 0.762 14.605) (layer F.SilkS)
      (effects (font (size 1 1) (thickness 0.05)))
    )
    (fp_line (start 9 -12.75) (end 9 -6.25) (layer F.SilkS) (width 0.127))
    (fp_line (start -9 -12.75) (end 9 -12.75) (layer F.SilkS) (width 0.127))
    (fp_line (start -9 -6.25) (end -9 -12.75) (layer F.SilkS) (width 0.127))
    (fp_line (start 9 12.75) (end 9 12.1) (layer F.SilkS) (width 0.127))
    (fp_line (start 6.55 12.75) (end 9 12.75) (layer F.SilkS) (width 0.127))
    (fp_line (start -9 12.75) (end -6.55 12.75) (layer F.SilkS) (width 0.127))
    (fp_line (start -9 12.1) (end -9 12.75) (layer F.SilkS) (width 0.127))
    (fp_circle (center -10 -5.25) (end -9.9 -5.25) (layer F.SilkS) (width 0.2))
    (fp_circle (center -10 -5.25) (end -9.9 -5.25) (layer Eco2.User) (width 0.2))
    (fp_line (start -9.25 -6) (end -9.25 -13) (layer Eco1.User) (width 0.05))
    (fp_line (start -9.75 -6) (end -9.25 -6) (layer Eco1.User) (width 0.05))
    (fp_line (start -9.75 13.5) (end -9.75 -6) (layer Eco1.User) (width 0.05))
    (fp_line (start 9.75 13.5) (end -9.75 13.5) (layer Eco1.User) (width 0.05))
    (fp_line (start 9.75 -6) (end 9.75 13.5) (layer Eco1.User) (width 0.05))
    (fp_line (start 9.25 -6) (end 9.75 -6) (layer Eco1.User) (width 0.05))
    (fp_line (start 9.25 -13) (end 9.25 -6) (layer Eco1.User) (width 0.05))
    (fp_line (start -9.25 -13) (end 9.25 -13) (layer Eco1.User) (width 0.05))
    (fp_poly (pts (xy -9 -12.75) (xy 9 -12.75) (xy 9 -6.45) (xy -9 -6.45)) (layer Dwgs.User) (width 0))
    (fp_poly (pts (xy -9 -12.75) (xy 9 -12.75) (xy 9 -6.45) (xy -9 -6.45)) (layer Dwgs.User) (width 0))
    (fp_line (start -9 -6.45) (end 9 -6.45) (layer Eco2.User) (width 0.127))
    (fp_line (start -9 -12.75) (end -9 -6.45) (layer Eco2.User) (width 0.127))
    (fp_line (start -9 12.75) (end -9 -6.45) (layer Eco2.User) (width 0.127))
    (fp_line (start 9 12.75) (end -9 12.75) (layer Eco2.User) (width 0.127))
    (fp_line (start 9 -6.45) (end 9 12.75) (layer Eco2.User) (width 0.127))
    (fp_line (start 9 -12.75) (end 9 -6.45) (layer Eco2.User) (width 0.127))
    (fp_line (start -9 -12.75) (end 9 -12.75) (layer Eco2.User) (width 0.127))
    (fp_text user " " (at -6 -9) (layer Edge.Cuts)
      (effects (font (size 1 1) (thickness 0.05)))
    )
    (pad 39_21 thru_hole circle (at -0.0825 4.075) (size 0.5 0.5) (drill 0.4) (layers *.Cu *.Mask)
      (net 2 GND))
    (pad 39_20 thru_hole circle (at -1.9175 4.075) (size 0.5 0.5) (drill 0.4) (layers *.Cu *.Mask)
      (net 2 GND))
    (pad 39_19 thru_hole circle (at 0.835 3.1575) (size 0.5 0.5) (drill 0.4) (layers *.Cu *.Mask)
      (net 2 GND))
    (pad 39_18 thru_hole circle (at -1 3.1575) (size 0.5 0.5) (drill 0.4) (layers *.Cu *.Mask)
      (net 2 GND))
    (pad 39_17 thru_hole circle (at -2.835 3.1575) (size 0.5 0.5) (drill 0.4) (layers *.Cu *.Mask)
      (net 2 GND))
    (pad 39_16 thru_hole circle (at -0.0825 2.24) (size 0.5 0.5) (drill 0.4) (layers *.Cu *.Mask)
      (net 2 GND))
    (pad 39_15 thru_hole circle (at -1.9175 2.24) (size 0.5 0.5) (drill 0.4) (layers *.Cu *.Mask)
      (net 2 GND))
    (pad 39_14 thru_hole circle (at 0.835 1.3225) (size 0.5 0.5) (drill 0.4) (layers *.Cu *.Mask)
      (net 2 GND))
    (pad 39_13 thru_hole circle (at -1 1.3225) (size 0.5 0.5) (drill 0.4) (layers *.Cu *.Mask)
      (net 2 GND))
    (pad 39_12 thru_hole circle (at -2.835 1.3225) (size 0.5 0.5) (drill 0.4) (layers *.Cu *.Mask)
      (net 2 GND))
    (pad 39_11 thru_hole circle (at -0.0825 0.405) (size 0.5 0.5) (drill 0.4) (layers *.Cu *.Mask)
      (net 2 GND))
    (pad 39_10 thru_hole circle (at -1.9175 0.405) (size 0.5 0.5) (drill 0.4) (layers *.Cu *.Mask)
      (net 2 GND))
    (pad 39_9 smd rect (at 0.835 4.075) (size 1.33 1.33) (layers F.Cu F.Paste)
      (net 2 GND))
    (pad 39_8 smd rect (at -1 4.075) (size 1.33 1.33) (layers F.Cu F.Paste)
      (net 2 GND))
    (pad 39_7 smd rect (at -2.835 4.075) (size 1.33 1.33) (layers F.Cu F.Paste)
      (net 2 GND))
    (pad 39_6 smd rect (at 0.835 2.24) (size 1.33 1.33) (layers F.Cu F.Paste)
      (net 2 GND))
    (pad 39_5 smd rect (at -1 2.24) (size 1.33 1.33) (layers F.Cu F.Paste)
      (net 2 GND))
    (pad 39_4 smd rect (at -2.835 2.24) (size 1.33 1.33) (layers F.Cu F.Paste)
      (net 2 GND))
    (pad 39_3 smd rect (at 0.835 0.405) (size 1.33 1.33) (layers F.Cu F.Paste)
      (net 2 GND))
    (pad 39_2 smd rect (at -1 0.405) (size 1.33 1.33) (layers F.Cu F.Paste)
      (net 2 GND))
    (pad 39_1 smd rect (at -2.835 0.405) (size 1.33 1.33) (layers F.Cu F.Paste)
      (net 2 GND))
    (pad 38 smd rect (at 8.5 -5.26) (size 2 0.9) (layers F.Cu F.Paste)
      (net 2 GND))
    (pad 37 smd rect (at 8.5 -3.99) (size 2 0.9) (layers F.Cu F.Paste)
      (net 24 "Net-(U1-Pad37)"))
    (pad 36 smd rect (at 8.5 -2.72) (size 2 0.9) (layers F.Cu F.Paste)
      (net 28 "Net-(J11-Pad3)"))
    (pad 35 smd rect (at 8.5 -1.45) (size 2 0.9) (layers F.Cu F.Paste)
      (net 5 "Net-(J1-Pad3)"))
    (pad 34 smd rect (at 8.5 -0.18) (size 2 0.9) (layers F.Cu F.Paste)
      (net 4 "Net-(J1-Pad2)"))
    (pad 33 smd rect (at 8.5 1.09) (size 2 0.9) (layers F.Cu F.Paste)
      (net 29 "Net-(J11-Pad4)"))
    (pad 32 smd rect (at 8.5 2.36) (size 2 0.9) (layers F.Cu F.Paste))
    (pad 31 smd rect (at 8.5 3.63) (size 2 0.9) (layers F.Cu F.Paste)
      (net 23 "Net-(U1-Pad31)"))
    (pad 30 smd rect (at 8.5 4.9) (size 2 0.9) (layers F.Cu F.Paste)
      (net 22 "Net-(U1-Pad30)"))
    (pad 29 smd rect (at 8.5 6.17) (size 2 0.9) (layers F.Cu F.Paste)
      (net 27 "Net-(BZ1-Pad1)"))
    (pad 28 smd rect (at 8.5 7.44) (size 2 0.9) (layers F.Cu F.Paste)
      (net 21 "Net-(U1-Pad28)"))
    (pad 27 smd rect (at 8.5 8.71) (size 2 0.9) (layers F.Cu F.Paste)
      (net 20 "Net-(U1-Pad27)"))
    (pad 26 smd rect (at 8.5 9.98) (size 2 0.9) (layers F.Cu F.Paste)
      (net 19 "Net-(U1-Pad26)"))
    (pad 25 smd rect (at 8.5 11.25) (size 2 0.9) (layers F.Cu F.Paste)
      (net 3 "Net-(C2-Pad1)"))
    (pad 24 smd rect (at 5.715 12.25) (size 0.9 2) (layers F.Cu F.Paste)
      (net 18 "Net-(U1-Pad24)"))
    (pad 23 smd rect (at 4.445 12.25) (size 0.9 2) (layers F.Cu F.Paste)
      (net 25 "Net-(B1-Pad2)"))
    (pad 22 smd rect (at 3.175 12.25) (size 0.9 2) (layers F.Cu F.Paste))
    (pad 21 smd rect (at 1.905 12.25) (size 0.9 2) (layers F.Cu F.Paste))
    (pad 20 smd rect (at 0.635 12.25) (size 0.9 2) (layers F.Cu F.Paste))
    (pad 19 smd rect (at -0.635 12.25) (size 0.9 2) (layers F.Cu F.Paste))
    (pad 18 smd rect (at -1.905 12.25) (size 0.9 2) (layers F.Cu F.Paste))
    (pad 17 smd rect (at -3.175 12.25) (size 0.9 2) (layers F.Cu F.Paste))
    (pad 16 smd rect (at -4.445 12.25) (size 0.9 2) (layers F.Cu F.Paste)
      (net 17 "Net-(U1-Pad16)"))
    (pad 15 smd rect (at -5.715 12.25) (size 0.9 2) (layers F.Cu F.Paste)
      (net 2 GND))
    (pad 14 smd rect (at -8.5 11.25) (size 2 0.9) (layers F.Cu F.Paste)
      (net 16 "Net-(U1-Pad14)"))
    (pad 13 smd rect (at -8.5 9.98) (size 2 0.9) (layers F.Cu F.Paste)
      (net 15 "Net-(U1-Pad13)"))
    (pad 12 smd rect (at -8.5 8.71) (size 2 0.9) (layers F.Cu F.Paste)
      (net 14 "Net-(U1-Pad12)"))
    (pad 11 smd rect (at -8.5 7.44) (size 2 0.9) (layers F.Cu F.Paste)
      (net 13 "Net-(U1-Pad11)"))
    (pad 10 smd rect (at -8.5 6.17) (size 2 0.9) (layers F.Cu F.Paste)
      (net 12 "Net-(U1-Pad10)"))
    (pad 9 smd rect (at -8.5 4.9) (size 2 0.9) (layers F.Cu F.Paste)
      (net 11 "Net-(U1-Pad9)"))
    (pad 8 smd rect (at -8.5 3.63) (size 2 0.9) (layers F.Cu F.Paste)
      (net 10 "Net-(U1-Pad8)"))
    (pad 7 smd rect (at -8.5 2.36) (size 2 0.9) (layers F.Cu F.Paste)
      (net 9 "Net-(U1-Pad7)"))
    (pad 6 smd rect (at -8.5 1.09) (size 2 0.9) (layers F.Cu F.Paste)
      (net 8 "Net-(U1-Pad6)"))
    (pad 5 smd rect (at -8.5 -0.18) (size 2 0.9) (layers F.Cu F.Paste)
      (net 7 "Net-(U1-Pad5)"))
    (pad 4 smd rect (at -8.5 -1.45) (size 2 0.9) (layers F.Cu F.Paste)
      (net 6 "Net-(U1-Pad4)"))
    (pad 3 smd rect (at -8.5 -2.72) (size 2 0.9) (layers F.Cu F.Paste)
      (net 1 "Net-(C1-Pad2)"))
    (pad 2 smd rect (at -8.5 -3.99) (size 2 0.9) (layers F.Cu F.Paste)
      (net 26 "Net-(B1-Pad1)"))
    (pad 1 smd rect (at -8.5 -5.26) (size 2 0.9) (layers F.Cu F.Paste)
      (net 2 GND))
  )

  (module 434111043826:434111043826 (layer F.Cu) (tedit 0) (tstamp 60595C2A)
    (at 165.1 93.345 270)
    (descr "<B>WS-TASV</B><BR>6x3.5 mm SMD Tact Switch, 2 pins")
    (path /6048CED2)
    (attr smd)
    (fp_text reference " " (at -0.381 0 90) (layer F.SilkS)
      (effects (font (size 0.8 0.8) (thickness 0.05)))
    )
    (fp_text value " " (at -0.5156 2.769 90) (layer F.SilkS)
      (effects (font (size 0.8 0.8) (thickness 0.05)))
    )
    (fp_circle (center -1.7 -1) (end -1.6 -1) (layer F.SilkS) (width 0.2))
    (fp_poly (pts (xy -4.7 -2.05) (xy 4.7 -2.05) (xy 4.7 2.05) (xy -4.7 2.05)) (layer Eco1.User) (width 0.1))
    (fp_line (start 3.1 1.85) (end 3.1 1.1) (layer F.SilkS) (width 0.2))
    (fp_line (start -3.1 1.85) (end 3.1 1.85) (layer F.SilkS) (width 0.2))
    (fp_line (start -3.1 1.2) (end -3.1 1.85) (layer F.SilkS) (width 0.2))
    (fp_line (start 3.1 -1.85) (end 3.1 -1.1) (layer F.SilkS) (width 0.2))
    (fp_line (start -3.1 -1.85) (end 3.1 -1.85) (layer F.SilkS) (width 0.2))
    (fp_line (start -3.1 -1.1) (end -3.1 -1.85) (layer F.SilkS) (width 0.2))
    (fp_line (start -3 -1.75) (end -3 1.75) (layer Eco2.User) (width 0.1))
    (fp_line (start 3 -1.75) (end -3 -1.75) (layer Eco2.User) (width 0.1))
    (fp_line (start 3 1.75) (end 3 -1.75) (layer Eco2.User) (width 0.1))
    (fp_line (start -3 1.75) (end 3 1.75) (layer Eco2.User) (width 0.1))
    (pad 1 smd rect (at -3.35 0 270) (size 2.3 1.5) (layers F.Cu F.Paste)
      (net 3 "Net-(C2-Pad1)"))
    (pad 2 smd rect (at 3.35 0 270) (size 2.3 1.5) (layers F.Cu F.Paste)
      (net 2 GND))
  )

  (module 434111043826:434111043826 (layer F.Cu) (tedit 0) (tstamp 6057C901)
    (at 169.545 93.345 270)
    (descr "<B>WS-TASV</B><BR>6x3.5 mm SMD Tact Switch, 2 pins")
    (path /6048C010)
    (attr smd)
    (fp_text reference " " (at -0.381 -0.127 90) (layer F.SilkS)
      (effects (font (size 0.8 0.8) (thickness 0.05)))
    )
    (fp_text value " " (at -0.5156 2.769 90) (layer F.SilkS)
      (effects (font (size 0.8 0.8) (thickness 0.05)))
    )
    (fp_circle (center -1.7 -1) (end -1.6 -1) (layer F.SilkS) (width 0.2))
    (fp_poly (pts (xy -4.7 -2.05) (xy 4.7 -2.05) (xy 4.7 2.05) (xy -4.7 2.05)) (layer Eco1.User) (width 0.1))
    (fp_line (start 3.1 1.85) (end 3.1 1.1) (layer F.SilkS) (width 0.2))
    (fp_line (start -3.1 1.85) (end 3.1 1.85) (layer F.SilkS) (width 0.2))
    (fp_line (start -3.1 1.2) (end -3.1 1.85) (layer F.SilkS) (width 0.2))
    (fp_line (start 3.1 -1.85) (end 3.1 -1.1) (layer F.SilkS) (width 0.2))
    (fp_line (start -3.1 -1.85) (end 3.1 -1.85) (layer F.SilkS) (width 0.2))
    (fp_line (start -3.1 -1.1) (end -3.1 -1.85) (layer F.SilkS) (width 0.2))
    (fp_line (start -3 -1.75) (end -3 1.75) (layer Eco2.User) (width 0.1))
    (fp_line (start 3 -1.75) (end -3 -1.75) (layer Eco2.User) (width 0.1))
    (fp_line (start 3 1.75) (end 3 -1.75) (layer Eco2.User) (width 0.1))
    (fp_line (start -3 1.75) (end 3 1.75) (layer Eco2.User) (width 0.1))
    (pad 1 smd rect (at -3.35 0 270) (size 2.3 1.5) (layers F.Cu F.Paste)
      (net 2 GND))
    (pad 2 smd rect (at 3.35 0 270) (size 2.3 1.5) (layers F.Cu F.Paste)
      (net 1 "Net-(C1-Pad2)"))
  )

  (module Capacitor_SMD:C_1206_3216Metric (layer F.Cu) (tedit 5F68FEEE) (tstamp 605AF8B0)
    (at 174.625 92.075 270)
    (descr "Capacitor SMD 1206 (3216 Metric), square (rectangular) end terminal, IPC_7351 nominal, (Body size source: IPC-SM-782 page 76, https://www.pcb-3d.com/wordpress/wp-content/uploads/ipc-sm-782a_amendment_1_and_2.pdf), generated with kicad-footprint-generator")
    (tags capacitor)
    (path /6048E886)
    (attr smd)
    (fp_text reference C1 (at 0 -1.85 90) (layer F.SilkS)
      (effects (font (size 1 1) (thickness 0.15)))
    )
    (fp_text value 100nF (at 0 1.85 90) (layer F.Fab)
      (effects (font (size 1 1) (thickness 0.15)))
    )
    (fp_line (start 2.3 1.15) (end -2.3 1.15) (layer F.CrtYd) (width 0.05))
    (fp_line (start 2.3 -1.15) (end 2.3 1.15) (layer F.CrtYd) (width 0.05))
    (fp_line (start -2.3 -1.15) (end 2.3 -1.15) (layer F.CrtYd) (width 0.05))
    (fp_line (start -2.3 1.15) (end -2.3 -1.15) (layer F.CrtYd) (width 0.05))
    (fp_line (start -0.711252 0.91) (end 0.711252 0.91) (layer F.SilkS) (width 0.12))
    (fp_line (start -0.711252 -0.91) (end 0.711252 -0.91) (layer F.SilkS) (width 0.12))
    (fp_line (start 1.6 0.8) (end -1.6 0.8) (layer F.Fab) (width 0.1))
    (fp_line (start 1.6 -0.8) (end 1.6 0.8) (layer F.Fab) (width 0.1))
    (fp_line (start -1.6 -0.8) (end 1.6 -0.8) (layer F.Fab) (width 0.1))
    (fp_line (start -1.6 0.8) (end -1.6 -0.8) (layer F.Fab) (width 0.1))
    (fp_text user %R (at 0 0 90) (layer F.Fab)
      (effects (font (size 0.8 0.8) (thickness 0.12)))
    )
    (pad 2 smd roundrect (at 1.475 0 270) (size 1.15 1.8) (layers F.Cu F.Paste F.Mask) (roundrect_rratio 0.2173904347826087)
      (net 1 "Net-(C1-Pad2)"))
    (pad 1 smd roundrect (at -1.475 0 270) (size 1.15 1.8) (layers F.Cu F.Paste F.Mask) (roundrect_rratio 0.2173904347826087)
      (net 2 GND))
    (model ${KISYS3DMOD}/Capacitor_SMD.3dshapes/C_1206_3216Metric.wrl
      (at (xyz 0 0 0))
      (scale (xyz 1 1 1))
      (rotate (xyz 0 0 0))
    )
  )

  (module Capacitor_SMD:C_1206_3216Metric (layer F.Cu) (tedit 5F68FEEE) (tstamp 605AF8C0)
    (at 161.29 93.345 270)
    (descr "Capacitor SMD 1206 (3216 Metric), square (rectangular) end terminal, IPC_7351 nominal, (Body size source: IPC-SM-782 page 76, https://www.pcb-3d.com/wordpress/wp-content/uploads/ipc-sm-782a_amendment_1_and_2.pdf), generated with kicad-footprint-generator")
    (tags capacitor)
    (path /6048DC89)
    (attr smd)
    (fp_text reference C2 (at 0 1.778 90) (layer F.SilkS)
      (effects (font (size 1 1) (thickness 0.15)))
    )
    (fp_text value 100nF (at 0 1.85 90) (layer F.Fab)
      (effects (font (size 1 1) (thickness 0.15)))
    )
    (fp_line (start -1.6 0.8) (end -1.6 -0.8) (layer F.Fab) (width 0.1))
    (fp_line (start -1.6 -0.8) (end 1.6 -0.8) (layer F.Fab) (width 0.1))
    (fp_line (start 1.6 -0.8) (end 1.6 0.8) (layer F.Fab) (width 0.1))
    (fp_line (start 1.6 0.8) (end -1.6 0.8) (layer F.Fab) (width 0.1))
    (fp_line (start -0.711252 -0.91) (end 0.711252 -0.91) (layer F.SilkS) (width 0.12))
    (fp_line (start -0.711252 0.91) (end 0.711252 0.91) (layer F.SilkS) (width 0.12))
    (fp_line (start -2.3 1.15) (end -2.3 -1.15) (layer F.CrtYd) (width 0.05))
    (fp_line (start -2.3 -1.15) (end 2.3 -1.15) (layer F.CrtYd) (width 0.05))
    (fp_line (start 2.3 -1.15) (end 2.3 1.15) (layer F.CrtYd) (width 0.05))
    (fp_line (start 2.3 1.15) (end -2.3 1.15) (layer F.CrtYd) (width 0.05))
    (fp_text user %R (at 0 0 90) (layer F.Fab)
      (effects (font (size 0.8 0.8) (thickness 0.12)))
    )
    (pad 1 smd roundrect (at -1.475 0 270) (size 1.15 1.8) (layers F.Cu F.Paste F.Mask) (roundrect_rratio 0.2173904347826087)
      (net 3 "Net-(C2-Pad1)"))
    (pad 2 smd roundrect (at 1.475 0 270) (size 1.15 1.8) (layers F.Cu F.Paste F.Mask) (roundrect_rratio 0.2173904347826087)
      (net 2 GND))
    (model ${KISYS3DMOD}/Capacitor_SMD.3dshapes/C_1206_3216Metric.wrl
      (at (xyz 0 0 0))
      (scale (xyz 1 1 1))
      (rotate (xyz 0 0 0))
    )
  )

  (module Capacitor_SMD:C_1206_3216Metric (layer F.Cu) (tedit 5F68FEEE) (tstamp 605AF8D0)
    (at 179.275 66.675)
    (descr "Capacitor SMD 1206 (3216 Metric), square (rectangular) end terminal, IPC_7351 nominal, (Body size source: IPC-SM-782 page 76, https://www.pcb-3d.com/wordpress/wp-content/uploads/ipc-sm-782a_amendment_1_and_2.pdf), generated with kicad-footprint-generator")
    (tags capacitor)
    (path /6048F4AB)
    (attr smd)
    (fp_text reference C3 (at 0 -1.905) (layer F.SilkS)
      (effects (font (size 1 1) (thickness 0.15)))
    )
    (fp_text value 100nF (at 0 1.85) (layer F.Fab)
      (effects (font (size 1 1) (thickness 0.15)))
    )
    (fp_line (start -1.6 0.8) (end -1.6 -0.8) (layer F.Fab) (width 0.1))
    (fp_line (start -1.6 -0.8) (end 1.6 -0.8) (layer F.Fab) (width 0.1))
    (fp_line (start 1.6 -0.8) (end 1.6 0.8) (layer F.Fab) (width 0.1))
    (fp_line (start 1.6 0.8) (end -1.6 0.8) (layer F.Fab) (width 0.1))
    (fp_line (start -0.711252 -0.91) (end 0.711252 -0.91) (layer F.SilkS) (width 0.12))
    (fp_line (start -0.711252 0.91) (end 0.711252 0.91) (layer F.SilkS) (width 0.12))
    (fp_line (start -2.3 1.15) (end -2.3 -1.15) (layer F.CrtYd) (width 0.05))
    (fp_line (start -2.3 -1.15) (end 2.3 -1.15) (layer F.CrtYd) (width 0.05))
    (fp_line (start 2.3 -1.15) (end 2.3 1.15) (layer F.CrtYd) (width 0.05))
    (fp_line (start 2.3 1.15) (end -2.3 1.15) (layer F.CrtYd) (width 0.05))
    (fp_text user %R (at 0 0) (layer F.Fab)
      (effects (font (size 0.8 0.8) (thickness 0.12)))
    )
    (pad 1 smd roundrect (at -1.475 0) (size 1.15 1.8) (layers F.Cu F.Paste F.Mask) (roundrect_rratio 0.2173904347826087)
      (net 26 "Net-(B1-Pad1)"))
    (pad 2 smd roundrect (at 1.475 0) (size 1.15 1.8) (layers F.Cu F.Paste F.Mask) (roundrect_rratio 0.2173904347826087)
      (net 2 GND))
    (model ${KISYS3DMOD}/Capacitor_SMD.3dshapes/C_1206_3216Metric.wrl
      (at (xyz 0 0 0))
      (scale (xyz 1 1 1))
      (rotate (xyz 0 0 0))
    )
  )

  (module Capacitor_SMD:C_1206_3216Metric (layer F.Cu) (tedit 5F68FEEE) (tstamp 605AFE6F)
    (at 179.275 69.215)
    (descr "Capacitor SMD 1206 (3216 Metric), square (rectangular) end terminal, IPC_7351 nominal, (Body size source: IPC-SM-782 page 76, https://www.pcb-3d.com/wordpress/wp-content/uploads/ipc-sm-782a_amendment_1_and_2.pdf), generated with kicad-footprint-generator")
    (tags capacitor)
    (path /6056D1CD)
    (attr smd)
    (fp_text reference C4 (at 1.065 1.651) (layer F.SilkS)
      (effects (font (size 1 1) (thickness 0.15)))
    )
    (fp_text value 100nF (at 0 1.85) (layer F.Fab)
      (effects (font (size 1 1) (thickness 0.15)))
    )
    (fp_line (start 2.3 1.15) (end -2.3 1.15) (layer F.CrtYd) (width 0.05))
    (fp_line (start 2.3 -1.15) (end 2.3 1.15) (layer F.CrtYd) (width 0.05))
    (fp_line (start -2.3 -1.15) (end 2.3 -1.15) (layer F.CrtYd) (width 0.05))
    (fp_line (start -2.3 1.15) (end -2.3 -1.15) (layer F.CrtYd) (width 0.05))
    (fp_line (start -0.711252 0.91) (end 0.711252 0.91) (layer F.SilkS) (width 0.12))
    (fp_line (start -0.711252 -0.91) (end 0.711252 -0.91) (layer F.SilkS) (width 0.12))
    (fp_line (start 1.6 0.8) (end -1.6 0.8) (layer F.Fab) (width 0.1))
    (fp_line (start 1.6 -0.8) (end 1.6 0.8) (layer F.Fab) (width 0.1))
    (fp_line (start -1.6 -0.8) (end 1.6 -0.8) (layer F.Fab) (width 0.1))
    (fp_line (start -1.6 0.8) (end -1.6 -0.8) (layer F.Fab) (width 0.1))
    (fp_text user %R (at 0 0) (layer F.Fab)
      (effects (font (size 0.8 0.8) (thickness 0.12)))
    )
    (pad 2 smd roundrect (at 1.475 0) (size 1.15 1.8) (layers F.Cu F.Paste F.Mask) (roundrect_rratio 0.2173904347826087)
      (net 2 GND))
    (pad 1 smd roundrect (at -1.475 0) (size 1.15 1.8) (layers F.Cu F.Paste F.Mask) (roundrect_rratio 0.2173904347826087)
      (net 26 "Net-(B1-Pad1)"))
    (model ${KISYS3DMOD}/Capacitor_SMD.3dshapes/C_1206_3216Metric.wrl
      (at (xyz 0 0 0))
      (scale (xyz 1 1 1))
      (rotate (xyz 0 0 0))
    )
  )

  (module Capacitor_SMD:C_1206_3216Metric (layer F.Cu) (tedit 5F68FEEE) (tstamp 605AF8F0)
    (at 205.74 92.075 180)
    (descr "Capacitor SMD 1206 (3216 Metric), square (rectangular) end terminal, IPC_7351 nominal, (Body size source: IPC-SM-782 page 76, https://www.pcb-3d.com/wordpress/wp-content/uploads/ipc-sm-782a_amendment_1_and_2.pdf), generated with kicad-footprint-generator")
    (tags capacitor)
    (path /6055AC43)
    (attr smd)
    (fp_text reference C5 (at 0 -1.85) (layer F.SilkS)
      (effects (font (size 1 1) (thickness 0.15)))
    )
    (fp_text value 100nF (at 0 1.85) (layer F.Fab)
      (effects (font (size 1 1) (thickness 0.15)))
    )
    (fp_line (start 2.3 1.15) (end -2.3 1.15) (layer F.CrtYd) (width 0.05))
    (fp_line (start 2.3 -1.15) (end 2.3 1.15) (layer F.CrtYd) (width 0.05))
    (fp_line (start -2.3 -1.15) (end 2.3 -1.15) (layer F.CrtYd) (width 0.05))
    (fp_line (start -2.3 1.15) (end -2.3 -1.15) (layer F.CrtYd) (width 0.05))
    (fp_line (start -0.711252 0.91) (end 0.711252 0.91) (layer F.SilkS) (width 0.12))
    (fp_line (start -0.711252 -0.91) (end 0.711252 -0.91) (layer F.SilkS) (width 0.12))
    (fp_line (start 1.6 0.8) (end -1.6 0.8) (layer F.Fab) (width 0.1))
    (fp_line (start 1.6 -0.8) (end 1.6 0.8) (layer F.Fab) (width 0.1))
    (fp_line (start -1.6 -0.8) (end 1.6 -0.8) (layer F.Fab) (width 0.1))
    (fp_line (start -1.6 0.8) (end -1.6 -0.8) (layer F.Fab) (width 0.1))
    (fp_text user %R (at 0 0) (layer F.Fab)
      (effects (font (size 0.8 0.8) (thickness 0.12)))
    )
    (pad 2 smd roundrect (at 1.475 0 180) (size 1.15 1.8) (layers F.Cu F.Paste F.Mask) (roundrect_rratio 0.2173904347826087)
      (net 25 "Net-(B1-Pad2)"))
    (pad 1 smd roundrect (at -1.475 0 180) (size 1.15 1.8) (layers F.Cu F.Paste F.Mask) (roundrect_rratio 0.2173904347826087)
      (net 26 "Net-(B1-Pad1)"))
    (model ${KISYS3DMOD}/Capacitor_SMD.3dshapes/C_1206_3216Metric.wrl
      (at (xyz 0 0 0))
      (scale (xyz 1 1 1))
      (rotate (xyz 0 0 0))
    )
  )

  (module Capacitor_SMD:C_1206_3216Metric (layer F.Cu) (tedit 5F68FEEE) (tstamp 605AF910)
    (at 181.815 99.06 180)
    (descr "Capacitor SMD 1206 (3216 Metric), square (rectangular) end terminal, IPC_7351 nominal, (Body size source: IPC-SM-782 page 76, https://www.pcb-3d.com/wordpress/wp-content/uploads/ipc-sm-782a_amendment_1_and_2.pdf), generated with kicad-footprint-generator")
    (tags capacitor)
    (path /605B2BE3)
    (attr smd)
    (fp_text reference C6 (at 0 -1.85) (layer F.SilkS)
      (effects (font (size 1 1) (thickness 0.15)))
    )
    (fp_text value 10µ (at 0 1.85) (layer F.Fab)
      (effects (font (size 1 1) (thickness 0.15)))
    )
    (fp_line (start -1.6 0.8) (end -1.6 -0.8) (layer F.Fab) (width 0.1))
    (fp_line (start -1.6 -0.8) (end 1.6 -0.8) (layer F.Fab) (width 0.1))
    (fp_line (start 1.6 -0.8) (end 1.6 0.8) (layer F.Fab) (width 0.1))
    (fp_line (start 1.6 0.8) (end -1.6 0.8) (layer F.Fab) (width 0.1))
    (fp_line (start -0.711252 -0.91) (end 0.711252 -0.91) (layer F.SilkS) (width 0.12))
    (fp_line (start -0.711252 0.91) (end 0.711252 0.91) (layer F.SilkS) (width 0.12))
    (fp_line (start -2.3 1.15) (end -2.3 -1.15) (layer F.CrtYd) (width 0.05))
    (fp_line (start -2.3 -1.15) (end 2.3 -1.15) (layer F.CrtYd) (width 0.05))
    (fp_line (start 2.3 -1.15) (end 2.3 1.15) (layer F.CrtYd) (width 0.05))
    (fp_line (start 2.3 1.15) (end -2.3 1.15) (layer F.CrtYd) (width 0.05))
    (fp_text user %R (at 0 0) (layer F.Fab)
      (effects (font (size 0.8 0.8) (thickness 0.12)))
    )
    (pad 1 smd roundrect (at -1.475 0 180) (size 1.15 1.8) (layers F.Cu F.Paste F.Mask) (roundrect_rratio 0.2173904347826087)
      (net 2 GND))
    (pad 2 smd roundrect (at 1.475 0 180) (size 1.15 1.8) (layers F.Cu F.Paste F.Mask) (roundrect_rratio 0.2173904347826087)
      (net 26 "Net-(B1-Pad1)"))
    (model ${KISYS3DMOD}/Capacitor_SMD.3dshapes/C_1206_3216Metric.wrl
      (at (xyz 0 0 0))
      (scale (xyz 1 1 1))
      (rotate (xyz 0 0 0))
    )
  )

  (module Capacitor_SMD:C_1206_3216Metric (layer F.Cu) (tedit 5F68FEEE) (tstamp 605AF928)
    (at 179.275 73.025)
    (descr "Capacitor SMD 1206 (3216 Metric), square (rectangular) end terminal, IPC_7351 nominal, (Body size source: IPC-SM-782 page 76, https://www.pcb-3d.com/wordpress/wp-content/uploads/ipc-sm-782a_amendment_1_and_2.pdf), generated with kicad-footprint-generator")
    (tags capacitor)
    (path /6049C0FF)
    (attr smd)
    (fp_text reference R1 (at -1.475 -1.651) (layer F.SilkS)
      (effects (font (size 1 1) (thickness 0.15)))
    )
    (fp_text value 4.7k (at 0 1.85) (layer F.Fab)
      (effects (font (size 1 1) (thickness 0.15)))
    )
    (fp_line (start 2.3 1.15) (end -2.3 1.15) (layer F.CrtYd) (width 0.05))
    (fp_line (start 2.3 -1.15) (end 2.3 1.15) (layer F.CrtYd) (width 0.05))
    (fp_line (start -2.3 -1.15) (end 2.3 -1.15) (layer F.CrtYd) (width 0.05))
    (fp_line (start -2.3 1.15) (end -2.3 -1.15) (layer F.CrtYd) (width 0.05))
    (fp_line (start -0.711252 0.91) (end 0.711252 0.91) (layer F.SilkS) (width 0.12))
    (fp_line (start -0.711252 -0.91) (end 0.711252 -0.91) (layer F.SilkS) (width 0.12))
    (fp_line (start 1.6 0.8) (end -1.6 0.8) (layer F.Fab) (width 0.1))
    (fp_line (start 1.6 -0.8) (end 1.6 0.8) (layer F.Fab) (width 0.1))
    (fp_line (start -1.6 -0.8) (end 1.6 -0.8) (layer F.Fab) (width 0.1))
    (fp_line (start -1.6 0.8) (end -1.6 -0.8) (layer F.Fab) (width 0.1))
    (fp_text user %R (at 0 0) (layer F.Fab)
      (effects (font (size 0.8 0.8) (thickness 0.12)))
    )
